2022-06-02 22:15:07.502368
Матрица
:[0, 0, 0, 0, 0, 0]
[0, 0, 1, 1, 0, 1]
[0, 1, 1, 0, 1, 0]
[0, 1, 0, 1, 0, 1]
[0, 0, 1, 0, 0, 0]
[0, 1, 0, 1, 0, 0]
Результат:
Вершины с максимальным окружением на уровне 3 :0,1,2,3,4,5,
2022-06-02 22:40:45.778658
Матрица:
[1, 1, 0, 0, 0]
[1, 0, 1, 0, 0]
[0, 1, 0, 1, 0]
[0, 0, 1, 0, 0]
[0, 0, 0, 0, 1]
Результат:
Вершины с максимальным окружением на уровне 3 :0,1,2,3,4,
2022-06-02 22:45:08.858625
Матрица:
[0, 1, 0]
[1, 0, 0]
[0, 0, 1]
Результат:
Вершины с максимальным окружением на уровне 3 :0,1,2,
2022-06-02 22:45:35.332181
Матрица:
[0, 1, 0, 0]
[1, 0, 1, 0]
[0, 1, 0, 1]
[0, 0, 1, 1]
Результат:
Вершины с максимальным окружением на уровне 2 :1,2,
2022-06-02 22:50:02.357456
Матрица:
[0, 0]
[0, 0]
Результат:
Вершины с максимальным окружением на уровне 2 :0,1,
2022-06-02 22:52:12.410872
Матрица:
[0, 0, 0, 0]
[0, 0, 0, 0]
[0, 0, 0, 0]
[0, 0, 0, 0]
Результат:
Вершины с максимальным окружением на уровне 3 :0,1,2,3,
2022-06-02 22:53:46.918439
Матрица:
[0, 0, 1, 0, 0]
[0, 0, 0, 0, 0]
[1, 0, 0, 0, 0]
[0, 0, 0, 0, 0]
[0, 0, 0, 0, 0]
Результат:
Вершины с максимальным окружением на уровне 3 :0,1,2,3,4,
2022-06-02 22:54:26.193700
Матрица:
[0, 0, 0, 0]
[0, 0, 0, 0]
[0, 0, 0, 0]
[0, 0, 0, 0]
Результат:
Вершины с максимальным окружением на уровне 3 :0,1,2,3,
2022-06-02 22:55:39.383462
Матрица:
[0, 0, 0, 0, 1, 0]
[0, 1, 0, 0, 0, 0]
[0, 0, 1, 0, 0, 0]
[0, 0, 0, 0, 0, 0]
[1, 0, 0, 0, 0, 0]
[0, 0, 0, 0, 0, 0]
Результат:
Вершины с максимальным окружением на уровне 3 :0,1,2,3,4,5,
2022-06-02 22:57:20.905246
Матрица:
[1, 0, 0, 0]
[0, 1, 1, 0]
[0, 1, 0, 0]
[0, 0, 0, 0]
Результат:
Вершины с максимальным окружением на уровне 2 :0,1,2,3,
2022-06-02 23:00:19.380456
Матрица:
[0, 1, 0, 0, 0]
[1, 1, 0, 0, 1]
[0, 0, 1, 0, 0]
[0, 0, 0, 0, 0]
[0, 1, 0, 0, 0]
Результат:
Вершины с максимальным окружением на уровне 2 :0,1,2,3,4,
2022-06-02 23:01:46.858126
Матрица:
[0, 0, 0, 0, 0]
[0, 0, 0, 0, 0]
[0, 0, 1, 1, 0]
[0, 0, 1, 0, 0]
[0, 0, 0, 0, 0]
Результат:
Вершины с максимальным окружением на уровне 3 :0,1,2,3,4,
2022-06-02 23:02:01.072768
Матрица:
[1, 0, 0, 1]
[0, 1, 1, 0]
[0, 1, 0, 1]
[1, 0, 1, 1]
Результат:
Вершины с максимальным окружением на уровне 3 :0,1,2,3,
2022-06-02 23:02:53.932686
Матрица:
[0, 0, 0, 0, 0]
[0, 1, 1, 0, 0]
[0, 1, 0, 0, 0]
[0, 0, 0, 0, 0]
[0, 0, 0, 0, 0]
Результат:
Вершины с максимальным окружением на уровне 3 :0,1,2,3,4,
2022-06-02 23:04:27.381324
Матрица:
[0, 0, 0, 0]
[0, 1, 1, 1]
[0, 1, 0, 1]
[0, 1, 1, 0]
Результат:
Вершины с максимальным окружением на уровне 3 :0,1,2,3,
2022-06-02 23:07:08.888701
Матрица:
[0, 1, 1, 0]
[1, 0, 1, 0]
[1, 1, 0, 1]
[0, 0, 1, 0]
Результат:
Вершины с максимальным окружением на уровне 3 :0,1,2,3,
2022-06-02 23:07:55.894697
Матрица:
[1, 1, 0]
[1, 0, 0]
[0, 0, 0]
Результат:
Вершины с максимальным окружением на уровне 1 :0,1,2,
2022-06-02 23:08:38.619076
Матрица:
[1, 0, 1, 0]
[0, 0, 1, 0]
[1, 1, 1, 0]
[0, 0, 0, 1]
Результат:
Вершины с максимальным окружением на уровне 1 :2,3,
2022-06-02 23:13:01.225634
Матрица:
[0, 1, 1, 1]
[1, 0, 1, 0]
[1, 1, 0, 1]
[1, 0, 1, 0]
Результат:
Вершины с максимальным окружением на уровне 3 :0,1,2,3,
2022-06-02 23:14:21.617955
Матрица:
[1, 1, 1, 1]
[1, 1, 1, 1]
[1, 1, 1, 1]
[1, 1, 1, 1]
Результат:
Вершины с максимальным окружением на уровне 0 :0,1,2,3,
2022-06-02 23:39:20.192875
Матрица:
[0, 1, 0]
[1, 1, 0]
[0, 0, 0]
Результат:
Вершины с максимальным окружением на уровне 2 :0,1,2,
2022-06-02 23:51:00.373946
Матрица:
[0, 1, 1, 1]
[1, 0, 1, 1]
[1, 1, 1, 1]
[1, 1, 1, 1]
Результат:
Вершины с максимальным окружением на уровне 3 :0,1,2,3,
2022-06-03 00:31:57.305802
Матрица:
[0, 1, 1, 1, 1]
[1, 1, 1, 1, 1]
[1, 1, 1, 1, 1]
[1, 1, 1, 1, 1]
[1, 1, 1, 1, 1]
Результат:
Вершины с максимальным окружением на уровне 2 :0,1,2,3,4,
2022-06-03 00:47:06.340783
Матрица:
[0, 1, 1, 1]
[1, 0, 1, 1]
[1, 1, 1, 1]
[1, 1, 1, 1]
Результат:
Вершины с максимальным окружением на уровне 3 :0,1,2,3,
2022-06-03 00:51:38.750718
Матрица:
[1, 1, 0]
[1, 0, 1]
[0, 1, 1]
Результат:
Вершины с максимальным окружением на уровне 1 :1,
2022-06-03 00:52:07.001568
Матрица:
[0, 0, 0, 1]
[0, 0, 1, 0]
[0, 1, 0, 1]
[1, 0, 1, 1]
Результат:
Вершины с максимальным окружением на уровне 3 :0,1,2,3,
2022-06-03 00:52:44.705371
Матрица:
[0, 1, 1, 0]
[1, 0, 0, 1]
[1, 0, 1, 1]
[0, 1, 1, 1]
Результат:
Вершины с максимальным окружением на уровне 1 :0,1,2,3,
2022-06-03 00:55:27.907188
Матрица:
[0, 1, 1, 0]
[1, 0, 0, 1]
[1, 0, 1, 1]
[0, 1, 1, 1]
Результат:
Вершины с максимальным окружением на уровне 1 :0,1,2,3,
2022-06-03 00:55:49.982839
Матрица:
[0, 1, 1, 0]
[1, 0, 0, 1]
[1, 0, 1, 1]
[0, 1, 1, 1]
Результат:
Вершины с максимальным окружением на уровне 1 :0,1,2,3,
2022-06-03 00:56:07.287889
Матрица:
[0, 1, 1, 0]
[1, 0, 0, 1]
[1, 0, 1, 1]
[0, 1, 1, 1]
Результат:
Вершины с максимальным окружением на уровне 1 :0,1,2,3,
2022-06-03 00:56:22.834220
Матрица:
[0, 1, 1, 0]
[1, 0, 0, 1]
[1, 0, 1, 1]
[0, 1, 1, 1]
Результат:
Вершины с максимальным окружением на уровне 1 :0,1,2,3,
2022-06-03 00:57:01.566768
Матрица:
[0, 1, 1, 0]
[1, 0, 0, 1]
[1, 0, 1, 1]
[0, 1, 1, 1]
Результат:
Вершины с максимальным окружением на уровне 1 :0,1,2,3,
2022-06-03 00:58:56.192779
Матрица:
[0, 1, 1, 0]
[1, 0, 0, 1]
[1, 0, 1, 1]
[0, 1, 1, 1]
Результат:
Вершины с максимальным окружением на уровне 1 :0,1,2,3,
2022-06-03 00:59:23.240051
Матрица:
[0, 1, 1, 0]
[1, 0, 0, 1]
[1, 0, 1, 1]
[0, 1, 1, 1]
Результат:
Вершины с максимальным окружением на уровне 1 :0,1,2,3,
2022-06-03 01:31:51.453448
Матрица:
[0, 0, 0, 0, 0, 0, 0, 0, 0, 0, 0, 0, 0, 0, 0, 0]
[0, 0, 0, 0, 0, 1, 0, 0, 0, 0, 0, 0, 0, 0, 0, 0]
[0, 0, 0, 0, 0, 0, 0, 0, 0, 0, 0, 0, 0, 0, 0, 0]
[0, 0, 0, 0, 0, 0, 1, 0, 0, 0, 0, 1, 0, 0, 0, 0]
[0, 0, 0, 0, 0, 0, 0, 1, 0, 0, 0, 0, 0, 0, 0, 0]
[0, 1, 0, 0, 0, 0, 0, 0, 0, 0, 0, 0, 0, 0, 0, 0]
[0, 0, 0, 1, 0, 0, 0, 0, 0, 0, 0, 0, 0, 0, 0, 0]
[0, 0, 0, 0, 1, 0, 0, 0, 0, 0, 0, 0, 0, 0, 0, 0]
[0, 0, 0, 0, 0, 0, 0, 0, 0, 0, 0, 0, 0, 0, 0, 0]
[0, 0, 0, 0, 0, 0, 0, 0, 0, 0, 0, 0, 0, 0, 0, 0]
[0, 0, 0, 0, 0, 0, 0, 0, 0, 1, 0, 0, 0, 0, 0, 0]
[0, 0, 0, 0, 0, 0, 0, 0, 0, 0, 0, 0, 0, 0, 0, 0]
[0, 0, 0, 0, 0, 0, 1, 0, 0, 0, 0, 0, 0, 0, 0, 0]
[0, 0, 0, 0, 1, 0, 0, 0, 0, 0, 0, 0, 0, 0, 0, 0]
[0, 0, 0, 0, 1, 0, 0, 0, 0, 0, 0, 0, 0, 0, 0, 0]
[0, 0, 0, 0, 0, 0, 0, 1, 0, 0, 0, 0, 0, 0, 0, 0]
Результат:
Вершины с максимальным окружением на уровне 2 :0,1,2,3,4,5,6,7,8,9,10,
2022-06-03 12:53:40.887612
Матрица:
[0, 0, 0, 0, 0, 0]
[0, 0, 0, 0, 0, 0]
[0, 0, 0, 0, 0, 0]
[0, 0, 0, 0, 0, 0]
[0, 0, 0, 0, 0, 0]
[0, 0, 0, 0, 0, 0]
Результат:
Вершины с максимальным окружением на уровне 4 :0,1,2,3,4,5,
2022-06-03 13:33:57.508020
Матрица:
[1, 1, 1, 1]
[1, 1, 1, 1]
[1, 1, 1, 1]
[1, 1, 1, 1]
Результат:
Вершины с максимальным окружением на уровне 2 :0,1,2,3,
2022-06-03 13:36:56.028345
Матрица:
[1, 1, 1, 1]
[1, 1, 1, 1]
[1, 1, 1, 1]
[1, 1, 1, 1]
Результат:
Вершины с максимальным окружением на уровне 2 :0,1,2,3,
2022-06-03 13:37:34.773272
Матрица:
[1, 0, 1, 0]
[0, 0, 0, 1]
[1, 0, 0, 0]
[0, 1, 0, 0]
Результат:
Вершины с максимальным окружением на уровне 1 :0,1,2,3,
2022-06-03 13:38:27.165532
Матрица:
[1, 1, 1]
[1, 1, 1]
[1, 1, 1]
Результат:
Вершины с максимальным окружением на уровне 4 :0,1,2,
2022-06-03 13:39:45.441807
Матрица:
[1, 1]
[1, 1]
Результат:
Вершины с максимальным окружением на уровне 5 :0,1,
2022-06-03 13:41:04.578217
Матрица:
[1, 1]
[1, 1]
Результат:
Вершины с максимальным окружением на уровне 5 :0,1,
2022-06-03 13:41:27.193404
Матрица:
[0, 0, 0, 0, 0, 0]
[0, 0, 0, 0, 0, 0]
[0, 0, 0, 0, 0, 0]
[0, 0, 0, 0, 0, 0]
[0, 0, 0, 0, 0, 0]
[0, 0, 0, 0, 0, 0]
Результат:
Вершины с максимальным окружением на уровне 1 :0,1,2,3,4,5,
2022-06-03 13:42:15.470170
Матрица:
[0, 0, 0, 0, 0, 0]
[0, 0, 1, 0, 0, 0]
[0, 1, 0, 0, 0, 1]
[0, 0, 0, 0, 0, 0]
[0, 0, 0, 0, 0, 0]
[0, 0, 1, 0, 0, 0]
Результат:
Вершины с максимальным окружением на уровне 2 :0,1,2,3,4,5,
2022-06-03 13:44:41.409437
Матрица:
[0, 0, 0, 1, 0]
[0, 0, 1, 0, 0]
[0, 1, 0, 0, 0]
[1, 0, 0, 0, 0]
[0, 0, 0, 0, 0]
Результат:
Вершины с максимальным окружением на уровне 3 :0,1,2,3,4,
2022-06-03 13:47:28.659828
Матрица:
[0, 0, 0, 1, 0]
[0, 0, 1, 0, 0]
[0, 1, 0, 0, 0]
[1, 0, 0, 0, 0]
[0, 0, 0, 0, 0]
Результат:
Вершины с максимальным окружением на уровне 3 :0,1,2,3,4,
2022-06-03 13:47:41.298643
Матрица:
[1, 1, 1, 1]
[1, 0, 1, 1]
[1, 1, 1, 1]
[1, 1, 1, 1]
Результат:
Вершины с максимальным окружением на уровне 3 :0,1,2,3,
2022-06-03 13:48:05.814278
Матрица:
[0, 1, 1, 0]
[1, 0, 1, 0]
[1, 1, 0, 0]
[0, 0, 0, 0]
Результат:
Вершины с максимальным окружением на уровне 0 :3,
2022-06-03 13:48:45.392650
Матрица:
[0, 1, 1, 0]
[1, 0, 1, 0]
[1, 1, 0, 0]
[0, 0, 0, 0]
Результат:
Вершины с максимальным окружением на уровне 0 :3,
2022-06-03 13:50:59.519390
Матрица:
[0, 1, 1, 0]
[1, 0, 1, 0]
[1, 1, 0, 0]
[0, 0, 0, 0]
Результат:
Вершины с максимальным окружением на уровне 0 :3,
2022-06-03 13:51:17.342338
Матрица:
[0, 1, 1, 1]
[1, 1, 0, 0]
[1, 0, 0, 0]
[1, 0, 0, 0]
Результат:
Вершины с максимальным окружением на уровне 1 :0,
2022-06-03 13:56:31.185949
Матрица:
[1, 1, 1, 0, 0]
[1, 0, 0, 1, 1]
[1, 0, 0, 1, 1]
[0, 1, 1, 1, 1]
[0, 1, 1, 1, 1]
Результат:
Вершины с максимальным окружением на уровне 3 :0,1,2,3,4,
2022-06-03 13:57:38.406949
Матрица:
[1, 1, 0, 0, 0, 1]
[1, 0, 1, 0, 0, 0]
[0, 1, 0, 1, 0, 1]
[0, 0, 1, 0, 0, 0]
[0, 0, 0, 0, 0, 0]
[1, 0, 1, 0, 0, 0]
Результат:
Вершины с максимальным окружением на уровне 3 :0,1,2,3,4,5,
2022-06-03 14:01:36.272949
Матрица:
[1, 0, 0, 0, 1, 0, 0, 0]
[0, 1, 1, 0, 0, 1, 0, 0]
[0, 1, 0, 0, 0, 0, 0, 0]
[0, 0, 0, 0, 0, 0, 0, 0]
[1, 0, 0, 0, 0, 1, 1, 0]
[0, 1, 0, 0, 1, 0, 0, 0]
[0, 0, 0, 0, 1, 0, 0, 0]
[0, 0, 0, 0, 0, 0, 0, 0]
Результат:
Вершины с максимальным окружением на уровне 3 :1,3,4,5,7,
2022-06-03 14:01:57.863949
Матрица:
[0, 0, 1, 0, 0]
[0, 0, 1, 0, 0]
[1, 1, 1, 1, 1]
[0, 0, 1, 0, 0]
[0, 0, 1, 0, 0]
Результат:
Вершины с максимальным окружением на уровне 4 :0,1,2,3,4,
2022-06-03 14:02:05.687949
Матрица:
[0, 0, 1, 0, 0]
[0, 0, 1, 0, 0]
[1, 1, 1, 1, 1]
[0, 0, 1, 0, 0]
[0, 0, 1, 0, 0]
Результат:
Вершины с максимальным окружением на уровне 3 :0,1,2,3,4,
2022-06-03 14:02:10.581949
Матрица:
[0, 0, 1, 0, 0]
[0, 0, 1, 0, 0]
[1, 1, 1, 1, 1]
[0, 0, 1, 0, 0]
[0, 0, 1, 0, 0]
Результат:
Вершины с максимальным окружением на уровне 1 :2,
2022-06-03 14:02:48.577949
Матрица:
[0, 0, 1, 0, 0]
[0, 0, 1, 0, 0]
[1, 1, 1, 1, 1]
[0, 0, 1, 0, 0]
[0, 0, 1, 0, 0]
Результат:
Вершины с максимальным окружением на уровне 1 :2,
2022-06-03 14:10:56.114156
Матрица:
[0, 0, 1, 0, 0]
[0, 0, 1, 0, 0]
[1, 1, 1, 1, 1]
[0, 0, 1, 0, 0]
[0, 0, 1, 0, 0]
Результат:
Вершины с максимальным окружением на уровне 1 :2,
2022-06-03 14:15:53.451733
Матрица:
[0, 0, 1, 0, 0]
[0, 0, 1, 0, 0]
[1, 1, 1, 1, 1]
[0, 0, 1, 0, 0]
[0, 0, 1, 0, 0]
Результат:
Вершины с максимальным окружением на уровне 1 :2,
2022-06-03 14:17:49.786462
Матрица:
[0, 1, 0, 1, 0]
[1, 1, 0, 0, 1]
[0, 0, 1, 0, 0]
[1, 0, 0, 1, 1]
[0, 1, 0, 1, 0]
Результат:
Вершины с максимальным окружением на уровне 2 :0,1,2,3,4,

==========2022-06-03 14:38:25.774542 ==========
Матрица:
[0, 0, 1, 1, 1]
[0, 0, 1, 1, 1]
[1, 1, 1, 0, 0]
[1, 1, 0, 0, 1]
[1, 1, 0, 1, 0]
Результат:
Вершины с максимальным окружением на уровне 5 :0,1,2,3,4,

==========2022-06-03 23:14:44.785582 ==========
Матрица:
[1, 1, 1]
[1, 0, 1]
[1, 1, 0]
Результат:
Вершины с максимальным окружением на уровне 2 :0,1,2,

==========2022-06-03 23:57:19.671041 ==========
Матрица:
[1, 0, 1, 1]
[0, 1, 1, 1]
[1, 1, 0, 1]
[1, 1, 1, 1]
Результат:
Вершины с максимальным окружением на уровне 2 :0,1,2,3,

==========2022-06-04 00:17:03.539264 ==========
Матрица:
[1, 1, 1]
[1, 0, 0]
[1, 0, 0]
Результат:
Вершины с максимальным окружением на уровне 1 :0,

==========2022-06-04 00:19:00.779085 ==========
Матрица:
[1, 1, 1]
[1, 1, 1]
[1, 1, 1]
Результат:
Вершины с максимальным окружением на уровне 0 :0,1,2,

==========2022-06-04 00:19:43.060486 ==========
Матрица:
[1, 0, 0]
[0, 1, 0]
[0, 0, 1]
Результат:
Вершины с максимальным окружением на уровне 3 :0,1,2,

==========2022-06-04 00:23:59.579681 ==========
Матрица:
[1, 1, 1, 1, 1, 1, 1, 1, 1, 1]
[1, 1, 1, 1, 1, 1, 1, 1, 1, 1]
[1, 1, 0, 1, 1, 0, 1, 1, 1, 1]
[1, 1, 1, 0, 0, 0, 1, 0, 1, 1]
[1, 1, 1, 0, 0, 1, 1, 1, 1, 1]
[1, 1, 0, 0, 1, 0, 1, 1, 1, 1]
[1, 1, 1, 1, 1, 1, 0, 1, 1, 1]
[1, 1, 1, 0, 1, 1, 1, 0, 1, 1]
[1, 1, 1, 1, 1, 1, 1, 1, 1, 1]
[1, 1, 1, 1, 1, 1, 1, 1, 1, 1]
Результат:
Вершины с максимальным окружением на уровне 10 :0,1,2,3,4,5,6,7,8,9,
