
 ========== 2022-06-05 18:59:29.051163 ========== 

 Матрица графа: 
 [0, 1, 1, 1, 1]
 [1, 0, 0, 0, 1]
 [1, 0, 0, 0, 1]
 [1, 0, 0, 0, 1]
 [1, 1, 1, 1, 0]

 Матрица фрагмента: 
 [0, 1, 1]
 [1, 0, 1]
 [1, 1, 0]

 Точки совпадений: 
 0 - 1 - 4  |  0 - 2 - 4
 0 - 3 - 4
 ========== 2022-06-05 18:54:09.564661 ========== 

 Матрица графа: 
 [0, 1, 1, 1, 1]
 [1, 0, 0, 0, 1]
 [1, 0, 0, 0, 1]
 [1, 0, 0, 0, 1]
 [1, 1, 1, 1, 0]

 Матрица фрагмента: 
 [0, 1, 1]
 [1, 0, 1]
 [1, 1, 0]

 Точки совпадений: 
 0 - 1 - 4  |  0 - 2 - 4
 0 - 3 - 4
 ========== 2022-06-05 18:53:09.982468 ========== 

 Матрица графа: 
 [0, 1, 1, 1, 1]
 [1, 0, 0, 0, 1]
 [1, 0, 0, 0, 1]
 [1, 0, 0, 0, 1]
 [1, 1, 1, 1, 0]

 Матрица фрагмента: 
 [0, 1, 1]
 [1, 0, 1]
 [1, 1, 0]

 Точки совпадений: 
 0 - 1 - 4  |  0 - 2 - 4
 0 - 3 - 4
 ========== 2022-06-05 18:51:09.594103 ========== 

 Матрица графа: 
 [0, 1, 1, 1, 1]
 [1, 0, 0, 0, 1]
 [1, 0, 0, 0, 1]
 [1, 0, 0, 0, 1]
 [1, 1, 1, 1, 0]

 Матрица фрагмента: 
 [0, 1, 1]
 [1, 0, 1]
 [1, 1, 0]

 Точки совпадений: 
 0 - 1 - 4  |  0 - 2 - 4
 0 - 3 - 4
 ========== 2022-06-05 18:40:21.336462 ========== 

 Матрица графа: 
 [0, 1, 1, 1, 1]
 [1, 0, 0, 0, 1]
 [1, 0, 0, 0, 1]
 [1, 0, 0, 0, 1]
 [1, 1, 1, 1, 0]

 Матрица фрагмента: 
 [0, 1, 1]
 [1, 0, 1]
 [1, 1, 0]

 Точки совпадений: 
 0 - 1 - 4  |  0 - 2 - 4
 0 - 3 - 4
 ========== 2022-06-05 18:24:12.987210 ========== 

 Матрица графа: 
 [0, 1, 1, 1, 1]
 [1, 0, 0, 0, 1]
 [1, 0, 0, 0, 1]
 [1, 0, 0, 0, 1]
 [1, 1, 1, 1, 0]

 Матрица фрагмента: 
 [0, 1, 1]
 [1, 0, 1]
 [1, 1, 0]

 Точки совпадений: 
 0 - 1 - 4  |  0 - 2 - 4
 0 - 3 - 4